  0.0115   0.9598   0.0514   0.9734   0.0032   0.9966   0.0753   0.9174   0.1902   0.8017   0.0172   0.9827   0.4409   0.5544   0.0187   0.9814   0.3120   0.6858   1.0000   0.9978   0.0000   0.0102   0.8823   0.9962   0.1416   0.0052   0.0860   0.8579   0.4150   0.3897   0.5935   0.5881
  0.0115   0.9624   0.0501   0.9721   0.0032   0.9966   0.0751   0.9160   0.1873   0.8057   0.0172   0.9827   0.4401   0.5567   0.0187   0.9814   0.3109   0.6891   1.0000   0.9978   0.0000   0.0126   0.8798   0.9962   0.1411   0.0051   0.0852   0.8582   0.4235   0.4111   0.6017   0.6287
  0.0102   0.9663   0.0464   0.9720   0.0032   0.9966   0.0767   0.9146   0.1809   0.8137   0.0172   0.9827   0.4375   0.5576   0.0186   0.9815   0.3062   0.6933   1.0000   0.9966   0.0000   0.0175   0.8748   0.9962   0.1381   0.0051   0.0857   0.8593   0.4171   0.3816   0.5974   0.6109
  0.0102   0.9714   0.0416   0.9720   0.0032   0.9967   0.0795   0.9085   0.1684   0.8252   0.0184   0.9815   0.4351   0.5599   0.0185   0.9816   0.2983   0.7007   1.0000   0.9942   0.0000   0.0261   0.8719   0.9962   0.1340   0.0051   0.0799   0.8604   0.4162   0.3759   0.6308   0.6137
  0.0090   0.9778   0.0404   0.9706   0.0032   0.9967   0.0839   0.9040   0.1527   0.8410   0.0184   0.9802   0.4319   0.5623   0.0198   0.9803   0.2933   0.7065   1.0000   0.9895   0.0000   0.0328   0.8719   0.9962   0.1284   0.0051   0.0766   0.8589   0.4118   0.3797   0.6649   0.6808
  0.0090   0.9829   0.0380   0.9692   0.0031   0.9967   0.0914   0.8920   0.1391   0.8584   0.0209   0.9790   0.4266   0.5671   0.0197   0.9791   0.2908   0.7089   1.0000   0.9833   0.0000   0.0422   0.8741   0.9962   0.1221   0.0051   0.0759   0.8593   0.3986   0.3715   0.7059   0.6085
  0.0078   0.9855   0.0357   0.9677   0.0031   0.9936   0.1002   0.8703   0.1313   0.8772   0.0233   0.9765   0.4206   0.5718   0.0222   0.9779   0.2969   0.7039   1.0000   0.9757   0.0000   0.0557   0.8748   0.1161   0.9962   0.0051   0.0701   0.8619   0.3588   0.3766   0.7619   0.5602
  0.0078   0.9880   0.0372   0.9637   0.0031   0.9937   0.1152   0.8182   0.1495   0.8947   0.0270   0.9728   0.4138   0.5775   0.0234   0.9754   0.3130   0.6889   1.0000   0.9677   0.0000   0.0697   0.8778   0.1118   0.9962   0.0038   0.0665   0.8649   0.3333   0.2935   0.8049   0.6642
  0.0066   0.9906   0.0388   0.9622   0.0060   0.9907   0.1408   0.6129   0.3119   0.9072   0.0319   0.9679   0.4076   0.5818   0.0245   0.9744   0.3470   0.6564   1.0000   0.9569   0.0000   0.0878   0.8766   0.1063   0.9962   0.0038   0.0601   0.8718   0.3000   0.4368   0.7539   0.5645
  0.0066   0.9919   0.0404   0.9593   0.0089   0.9877   0.1975   0.0890   0.7752   0.9199   0.0393   0.9606   0.3994   0.5901   0.0269   0.9733   0.4003   0.6042   1.0000   0.9442   0.0000   0.1077   0.8741   0.1011   0.9962   0.0038   0.0524   0.8962   0.2180   0.5547   0.8076   0.4737
  0.0066   0.9919   0.0420   0.9563   0.0133   0.9804   0.1409   0.0444   0.8804   0.9193   0.0503   0.9494   0.3910   0.5976   0.0279   0.9723   0.4754   0.5309   1.0000   0.9313   0.0012   0.1297   0.8701   0.0978   0.9962   0.0026   0.0532   0.9115   0.1078   0.5057   0.8746   0.7059
  0.0067   0.9932   0.0450   0.9534   0.0220   0.9671   0.0723   0.1187   0.9073   0.8898   0.0699   0.9299   0.3837   0.0303   0.9700   0.6052   0.5618   0.4455   0.9988   0.9166   0.0012   0.1560   0.8654   0.0934   0.9975   0.0026   0.0612   0.9011   0.0697   0.4091   0.3953   0.9231
  0.0027   0.9945   0.0492   0.9491   0.0409   0.9465   0.0472   0.2006   0.9969   0.7474   0.1055   0.8919   0.3748   0.0313   0.9677   0.6148   0.6428   0.3647   0.9026   0.9988   0.1840   0.0012   0.8569   0.0908   0.9975   0.0026   0.0864   0.8810   0.0783   0.1633   0.3982   0.7784
  0.0027   0.9945   0.0523   0.9459   0.0635   0.9214   0.0328   0.4788   0.7175   0.7522   0.1850   0.8147   0.0322   0.3674   0.9680   0.6217   0.7036   0.3043   0.8897   0.9988   0.2168   0.0012   0.8451   0.0871   0.9975   0.0026   0.1210   0.8272   0.1173   0.0795   0.6138   0.1866
  0.0027   0.9945   0.0555   0.9429   0.0796   0.9034   0.0218   0.8457   0.3879   0.7370   0.3550   0.6434   0.0318   0.9683   0.3603   0.6297   0.7414   0.2646   0.8771   0.9987   0.2553   0.0025   0.8242   0.0835   0.9975   0.0026   0.1495   0.7821   0.2143   0.0866   0.8313   0.6037
  0.0027   0.9944   0.0598   0.9384   0.0854   0.9008   0.0127   0.9437   0.3270   0.7118   0.6235   0.3753   0.0278   0.9710   0.3537   0.6364   0.7631   0.2430   0.8659   0.9987   0.3031   0.0025   0.7929   0.0788   0.9975   0.0026   0.1959   0.7237   0.2909   0.0924   0.7927   0.4811
  0.0027   0.9958   0.0630   0.9352   0.0818   0.9056   0.0069   0.9740   0.3328   0.6827   0.8254   0.1744   0.0250   0.9738   0.3509   0.6415   0.7710   0.2349   0.8590   0.9987   0.3689   0.0038   0.7425   0.0755   0.9974   0.0026   0.2222   0.6753   0.3333   0.0769   0.6303   0.5683
  0.0027   0.9958   0.0663   0.9307   0.0747   0.9123   0.0054   0.9859   0.3512   0.6555   0.9136   0.0864   0.0199   0.9789   0.3497   0.6431   0.7700   0.2353   0.8540   0.9962   0.4658   0.6589   0.0039   0.0711   0.9974   0.0026   0.2442   0.6533   0.3488   0.0565   0.4629   0.6384
  0.0014   0.9958   0.0707   0.9248   0.0673   0.9177   0.0013   0.9918   0.3739   0.6316   0.9148   0.0950   0.0074   0.9839   0.3495   0.6425   0.7643   0.2419   0.8516   0.6040   0.9961   0.5277   0.0052   0.0682   0.9974   0.0026   0.2500   0.6447   0.3571   0.0496   0.4000   0.7091
  0.0014   0.9958   0.0740   0.9215   0.0628   0.9249   0.0013   0.9946   0.3921   0.6094   0.0171   0.9828   0.9782   0.0230   0.3550   0.6391   0.7558   0.2522   0.8537   0.7574   0.9961   0.3724   0.0052   0.0640   0.9961   0.0026   0.2353   0.6533   0.3333   0.0374   0.4343   0.8103
  0.0014   0.9957   0.0774   0.9184   0.0580   0.9292   0.0013   0.9961   0.4082   0.5929   0.0110   0.9890   0.9855   0.0157   0.3614   0.6331   0.7458   0.2634   0.8606   0.8736   0.9961   0.2426   0.0078   0.0599   0.9948   0.0026   0.2045   0.6711   0.3061   0.0328   0.5639   0.8719
  0.0014   0.9957   0.0818   0.9151   0.0535   0.9335   0.0000   0.9961   0.4222   0.5812   0.0085   0.9915   0.9892   0.0097   0.3708   0.6242   0.7351   0.2749   0.8692   0.9405   0.9948   0.1585   0.0598   0.0144   0.9895   0.0027   0.1613   0.6974   0.2812   0.0240   0.7368   0.9054
  0.0014   0.9957   0.0849   0.9121   0.0518   0.9351   0.0000   0.9987   0.4301   0.0060   0.5736   0.9927   0.9928   0.0072   0.3826   0.6121   0.7266   0.2848   0.8792   0.9806   0.9935   0.1021   0.0598   0.0827   0.9178   0.0027   0.1165   0.7632   0.1889   0.0231   0.8702   0.9161
  0.0014   0.9971   0.0881   0.9088   0.0487   0.9381   0.0000   0.9987   0.4356   0.0048   0.9940   0.5720   0.9940   0.0060   0.3954   0.5964   0.7201   0.2939   0.9378   0.9535   0.9922   0.0569   0.0680   0.9465   0.0562   0.0027   0.0763   0.8026   0.1250   0.0227   0.9427   0.9134
  0.0014   0.9971   0.0886   0.9083   0.0457   0.9411   0.0000   0.9988   0.0036   0.9964   0.4371   0.5744   0.9952   0.0048   0.4114   0.5767   0.7124   0.3012   0.9779   0.9394   0.9935   0.9906   0.0056   0.0861   0.0143   0.0041   0.0563   0.8684   0.0739   0.0573   0.9740   0.8613
  0.0014   0.9986   0.0916   0.9054   0.0455   0.9412   0.0012   0.9988   0.0024   0.9976   0.4325   0.5833   0.9953   0.0048   0.4272   0.5523   0.7088   0.3070   0.9890   0.9509   0.9946   0.9922   0.0084   0.0602   0.0091   0.0055   0.0407   0.8974   0.0541   0.1613   0.9805   0.7901
  0.0014   0.9986   0.0920   0.9037   0.0455   0.9442   0.0012   0.9988   0.0024   0.9976   0.4264   0.6016   0.9964   0.0024   0.4454   0.5208   0.7055   0.3112   0.9931   0.9959   0.9606   0.9897   0.0223   0.0318   0.0069   0.0091   0.0341   0.9250   0.0449   0.2899   0.9810   0.7193
  0.0014   0.9986   0.0947   0.9022   0.0425   0.9442   0.0012   0.9988   0.0012   0.9976   0.4159   0.6340   0.9988   0.0024   0.4664   0.4683   0.7030   0.3145   0.9945   0.9973   0.9661   0.9832   0.0279   0.0139   0.0157   0.0078   0.0258   0.9268   0.0407   0.4194   0.9808   0.6739
  0.0014   0.9986   0.0950   0.9022   0.0425   0.9458   0.0012   0.0012   0.9988   0.9988   0.4081   0.7131   0.9988   0.5143   0.0012   0.3443   0.7012   0.3161   0.9972   0.9973   0.9664   0.9729   0.0320   0.0250   0.0104   0.0091   0.0240   0.9286   0.0443   0.5079   0.9835   0.6429
  0.0014   0.9986   0.0951   0.9019   0.0425   0.9458   0.0012   0.0012   0.9988   0.9988   0.4015   0.9988   0.9988   0.5856   0.0012   0.0012   0.7008   0.3161   0.9972   0.9972   0.9677   0.9677   0.0334   0.0334   0.0091   0.0091   0.0234   0.9294   0.0455   0.5231   0.9833   0.6250
  0.0014   0.9986   0.0951   0.9019   0.0425   0.9458   0.0012   0.0012   0.9988   0.9988   0.4015   0.9988   0.9988   0.5856   0.0012   0.0012   0.7008   0.3161   0.9972   0.9972   0.9677   0.9677   0.0334   0.0334   0.0091   0.0091   0.0234   0.9294   0.0455   0.5231   0.9833   0.6250
  0.0014   0.9986   0.0950   0.9022   0.0425   0.9458   0.0012   0.0012   0.9988   0.9988   0.4084   0.6938   0.9988   0.5012   0.0024   0.3747   0.7012   0.3161   0.9972   0.9973   0.9664   0.9767   0.0320   0.0236   0.0104   0.0091   0.0241   0.9277   0.0439   0.4921   0.9803   0.6429
  0.0014   0.9986   0.0947   0.9023   0.0455   0.9443   0.0012   0.9988   0.0024   0.9976   0.4206   0.6212   0.9965   0.0036   0.4592   0.4873   0.7038   0.3132   0.9945   0.9973   0.9635   0.9858   0.0251   0.0111   0.0223   0.0091   0.0267   0.9259   0.0480   0.3906   0.9809   0.6875
  0.0014   0.9986   0.0918   0.9052   0.0455   0.9443   0.0012   0.9988   0.0024   0.9976   0.4295   0.5912   0.9953   0.0048   0.4381   0.5346   0.7076   0.3099   0.9917   0.9564   0.9946   0.9910   0.0168   0.0426   0.0052   0.0096   0.0368   0.8987   0.0508   0.2237   0.9810   0.7500
  0.0014   0.9971   0.0914   0.9056   0.0456   0.9411   0.0000   0.9988   0.0036   0.9964   0.4363   0.5779   0.9940   0.0072   0.4201   0.5652   0.7109   0.3033   0.9848   0.9424   0.9897   0.9892   0.0028   0.0836   0.0117   0.0055   0.0397   0.8701   0.0680   0.0866   0.9758   0.8440
  0.0014   0.9971   0.0883   0.9087   0.0487   0.9382   0.0000   0.9988   0.4352   0.0060   0.9940   0.5716   0.9892   0.0133   0.4031   0.5873   0.7184   0.2955   0.9682   0.9333   0.9896   0.0388   0.1172   0.9075   0.0588   0.0041   0.0738   0.8158   0.1176   0.0327   0.9517   0.9061
  0.0014   0.9957   0.0850   0.9119   0.0518   0.9351   0.0000   0.9987   0.4327   0.0060   0.9939   0.5736   0.9733   0.0280   0.3887   0.6060   0.7253   0.2852   0.8712   1.0000   0.9778   0.0975   0.0681   0.0737   0.9272   0.0054   0.1176   0.7632   0.1957   0.0231   0.8692   0.9238
  0.0014   0.9957   0.0818   0.9151   0.0550   0.9335   0.0000   0.9987   0.4247   0.5779   0.0085   0.9914   0.9229   0.0785   0.3743   0.6201   0.7364   0.2742   0.8680   0.9709   0.9528   0.1702   0.0515   0.0343   0.9829   0.0053   0.1868   0.6842   0.2833   0.0234   0.6696   0.9109
  0.0014   0.9957   0.0771   0.9185   0.0597   0.9276   0.0000   0.9961   0.4145   0.5877   0.0135   0.9865   0.7727   0.2324   0.3634   0.6310   0.7478   0.2593   0.8608   0.9334   0.9277   0.2455   0.0150   0.0700   0.9870   0.0053   0.2439   0.6267   0.3404   0.0287   0.4036   0.9020
  0.0014   0.9958   0.0725   0.9244   0.0658   0.9204   0.0013   0.9946   0.3982   0.6019   0.5082   0.4944   0.0124   0.9888   0.3556   0.6391   0.7614   0.2432   0.8565   0.8595   0.9314   0.3191   0.0107   0.0823   0.9884   0.0079   0.3125   0.5641   0.3684   0.0476   0.2542   0.7368
  0.0014   0.9958   0.0692   0.9279   0.0751   0.9130   0.0013   0.9945   0.3799   0.6196   0.3571   0.6452   0.0126   0.9874   0.3502   0.6476   0.7755   0.2246   0.8571   0.7087   0.9777   0.4096   0.0214   0.0813   0.9884   0.0104   0.3506   0.5325   0.4000   0.0959   0.1932   0.6376
  0.0027   0.9958   0.0633   0.9337   0.0858   0.9003   0.0027   0.9902   0.3523   0.6457   0.3127   0.6896   0.0128   0.9873   0.3451   0.6547   0.7917   0.2047   0.8625   0.5399   0.9843   0.5559   0.0344   0.0787   0.9847   0.0103   0.4103   0.4875   0.4118   0.1273   0.2152   0.5312
  0.0027   0.9958   0.0599   0.9370   0.1008   0.8862   0.0069   0.9841   0.3109   0.6841   0.3229   0.6834   0.0118   0.9883   0.3430   0.6632   0.8070   0.1809   0.8687   0.4280   0.9223   0.7188   0.0419   0.0775   0.9835   0.0129   0.4430   0.4557   0.4242   0.1346   0.2357   0.2293
  0.0027   0.9945   0.0553   0.9415   0.1166   0.8681   0.0126   0.9719   0.2478   0.7514   0.3470   0.6628   0.0108   0.9893   0.3415   0.6735   0.8255   0.1545   0.8761   0.3515   0.8972   0.8120   0.0438   0.0747   0.9823   0.0141   0.4805   0.4250   0.4062   0.0867   0.2176   0.2478
  0.0027   0.9945   0.0523   0.9460   0.1161   0.8633   0.0245   0.9382   0.1826   0.8393   0.3588   0.6508   0.0110   0.9890   0.3410   0.6774   0.8575   0.1205   0.8797   0.3059   0.9041   0.8513   0.0417   0.0696   0.9810   0.0180   0.5185   0.4024   0.3667   0.0569   0.3333   0.3357
  0.0027   0.9932   0.0478   0.9493   0.0833   0.8972   0.0353   0.2273   0.8003   0.9043   0.3588   0.6519   0.0100   0.9901   0.3405   0.6676   0.9024   0.0844   0.8829   0.2837   0.9149   0.8714   0.0368   0.0656   0.9798   0.0193   0.5488   0.3780   0.3333   0.0262   0.4829   0.3864
  0.0067   0.9932   0.0447   0.9548   0.0457   0.9401   0.0432   0.0418   0.9569   0.9281   0.3587   0.6585   0.0102   0.9913   0.3419   0.6565   0.9405   0.0562   0.8835   0.2774   0.9215   0.8832   0.0274   0.0605   0.9772   0.0219   0.5765   0.3659   0.0786   0.4815   0.4071   0.5294
  0.0066   0.9919   0.0417   0.9579   0.0222   0.9697   0.0555   0.0230   0.9655   0.9081   0.3629   0.6690   0.0090   0.9910   0.3460   0.6473   0.9624   0.0368   0.8826   0.2932   0.9187   0.8936   0.0184   0.0567   0.9747   0.0245   0.4752   0.4348   0.0911   0.3443   0.4432   0.8832
  0.0079   0.9906   0.0388   0.9608   0.0119   0.9816   0.0216   0.9638   0.0716   0.8799   0.3661   0.6802   0.0077   0.9908   0.3525   0.6406   0.9757   0.0271   0.8833   0.3347   0.8959   0.9013   0.0078   0.0529   0.9746   0.0259   0.1278   0.7768   0.1144   0.5365   0.8333   0.7699
  0.0078   0.9867   0.0384   0.9637   0.0090   0.9876   0.0173   0.9826   0.0656   0.8552   0.3651   0.6946   0.0078   0.9906   0.3594   0.6322   0.9805   0.0210   0.8904   0.6748   0.6037   0.9059   0.0011   0.0534   0.9746   0.0285   0.1344   0.7838   0.1944   0.6293   0.6296   0.5333
  0.0091   0.9842   0.0369   0.9678   0.0061   0.9890   0.0145   0.9854   0.0756   0.8433   0.3489   0.7114   0.0111   0.9904   0.3698   0.6232   0.9829   0.0186   0.9129   0.7756   0.4545   0.8955   0.0054   0.0526   0.9734   0.0310   0.1452   0.7618   0.2857   0.6225   0.5046   0.4348
  0.0103   0.9791   0.0379   0.9693   0.0031   0.9857   0.0173   0.9869   0.0854   0.8462   0.3191   0.7254   0.0243   0.9853   0.3815   0.6128   0.9853   0.0162   0.9469   0.4951   0.6727   0.8892   0.0154   0.0563   0.9736   0.0308   0.1537   0.7604   0.2948   0.6095   0.4532   0.2140
  0.0115   0.9727   0.0415   0.9708   0.0031   0.8537   0.1301   0.9897   0.0937   0.8578   0.2823   0.5238   0.2850   0.9718   0.3941   0.6000   0.9866   0.0138   0.9736   0.1809   0.8727   0.9134   0.0194   0.0644   0.9738   0.0293   0.1603   0.7562   0.2457   0.6107   0.4862   0.2377
  0.0128   0.9612   0.0500   0.9710   0.0031   0.0188   0.9759   0.9941   0.0950   0.8668   0.2075   0.0732   0.9078   0.8374   0.4074   0.5858   0.9878   0.0137   0.9884   0.0516   0.9393   0.9470   0.0097   0.0838   0.9728   0.0277   0.1679   0.7531   0.2173   0.6186   0.5182   0.2041
  0.0152   0.9408   0.0648   0.9723   0.0031   0.0101   0.9897   0.9935   0.0871   0.8554   0.1461   0.5801   0.4968   0.8065   0.4242   0.5718   0.9891   0.0125   0.9954   0.0164   0.9230   0.9925   0.0508   0.0476   0.9708   0.0260   0.1733   0.7450   0.2091   0.6375   0.5217   0.2701
  0.0165   0.9117   0.0917   0.9724   0.0148   0.0000   0.9868   0.9951   0.0627   0.8302   0.2480   0.8211   0.1769   0.8465   0.4409   0.5566   0.9903   0.0112   0.9977   0.0046   0.9497   0.9717   0.0675   0.0454   0.9664   0.0232   0.1735   0.7208   0.2312   0.6510   0.5250   0.1774
  0.0177   0.8699   0.1300   0.9738   0.0087   0.4145   0.6015   0.9967   0.0325   0.8891   0.2607   0.7791   0.1226   0.8803   0.4595   0.5410   0.9939   0.0099   0.9989   0.0012   0.9522   0.9682   0.0777   0.0514   0.9609   0.0227   0.1732   0.6631   0.3016   0.6580   0.5164   0.2402
  0.0189   0.8219   0.1733   0.9738   0.0086   0.9883   0.0061   0.9968   0.0155   0.9656   0.2436   0.7493   0.0872   0.9073   0.4748   0.5273   0.9940   0.0086   1.0000   0.0000   0.9533   0.9659   0.0844   0.0573   0.9567   0.0212   0.1630   0.5580   0.4067   0.6715   0.5169   0.3410
  0.0202   0.7845   0.2067   0.9738   0.0072   0.9912   0.0015   0.9968   0.0108   0.9853   0.2566   0.7325   0.0668   0.9291   0.4869   0.5172   0.9952   0.0062   1.0000   0.0000   0.9531   0.9695   0.0787   0.0619   0.9524   0.0187   0.1357   0.4972   0.4625   0.7024   0.5175   0.5521
  0.0201   0.7719   0.2203   0.9738   0.0072   0.9912   0.0000   0.9969   0.0092   0.9886   0.2638   0.7248   0.0588   0.9354   0.4924   0.5138   0.9952   0.0062   1.0000   0.0000   0.9530   0.9755   0.0679   0.0632   0.9513   0.0175   0.0952   0.5097   0.4508   0.7570   0.5179   0.4322
  0.0201   0.7719   0.2203   0.9738   0.0072   0.9912   0.0000   0.9969   0.0092   0.9886   0.2638   0.7248   0.0588   0.9354   0.4924   0.5138   0.9952   0.0062   1.0000   0.0000   0.9530   0.9755   0.0679   0.0632   0.9513   0.0175   0.0952   0.5097   0.4508   0.7570   0.5179   0.4500
  0.0201   0.7754   0.2166   0.9738   0.0072   0.9912   0.0000   0.9969   0.0092   0.9888   0.2620   0.7283   0.0604   0.9337   0.4904   0.5145   0.9952   0.0062   1.0000   0.0000   0.9530   0.9731   0.0710   0.0620   0.9513   0.0175   0.1145   0.5000   0.4574   0.7317   0.5175   0.4553
  0.0202   0.7833   0.2092   0.9738   0.0086   0.9912   0.0015   0.9968   0.0126   0.9836   0.2537   0.7353   0.0668   0.9291   0.4869   0.5165   0.9952   0.0074   1.0000   0.0000   0.9531   0.9696   0.0770   0.0619   0.9524   0.0187   0.1417   0.5000   0.4559   0.6941   0.5130   0.4440
  0.0189   0.7957   0.1980   0.9738   0.0086   0.9898   0.0030   0.9968   0.0176   0.9703   0.2362   0.7540   0.0730   0.9229   0.4826   0.5198   0.9952   0.0086   1.0000   0.0000   0.9531   0.9695   0.0787   0.0596   0.9522   0.0200   0.1607   0.5455   0.4115   0.6744   0.5126   0.4820
  0.0189   0.8117   0.1842   0.9738   0.0087   0.9868   0.0061   0.9967   0.0289   0.9513   0.2107   0.7837   0.0821   0.9138   0.4776   0.5253   0.9940   0.0087   1.0000   0.0000   0.9533   0.9695   0.0783   0.0572   0.9543   0.0213   0.1726   0.6373   0.3144   0.6601   0.5122   0.3264
  0.0189   0.8270   0.1696   0.9738   0.0087   0.9456   0.0508   0.9984   0.0474   0.9334   0.1755   0.8207   0.0897   0.9049   0.4711   0.5294   0.9903   0.0099   1.0000   0.0000   0.9550   0.9707   0.0750   0.0536   0.9551   0.0228   0.1749   0.7091   0.2254   0.6508   0.5077   0.4897
  0.0189   0.8422   0.1547   0.9738   0.0087   0.0590   0.9367   0.9983   0.0711   0.9134   0.1388   0.8536   0.1047   0.8950   0.4667   0.5357   0.9891   0.0124   1.0000   0.0000   0.9552   0.9742   0.0715   0.0511   0.9548   0.0244   0.1734   0.7308   0.2006   0.6443   0.5036   0.3393
  0.0177   0.8586   0.1400   0.9738   0.0117   0.0063   0.9838   0.9983   0.0955   0.8923   0.1085   0.8712   0.1290   0.8866   0.4593   0.5399   0.9878   0.0138   1.0000   0.0000   0.9555   0.9766   0.0666   0.0475   0.9554   0.0272   0.1743   0.7321   0.2011   0.6379   0.5068   0.4496
  0.0177   0.8723   0.1276   0.9738   0.0063   0.0087   0.9867   0.9966   0.1205   0.8703   0.0871   0.3566   0.6683   0.8740   0.4548   0.5456   0.9841   0.0188   1.0000   0.0011   0.9557   0.9778   0.0616   0.0449   0.9562   0.0302   0.1729   0.7328   0.2023   0.6343   0.5161   0.4494
  0.0164   0.8851   0.1152   0.9738   0.0032   0.0117   0.9866   0.9966   0.1412   0.8514   0.0763   0.1118   0.9614   0.8409   0.4509   0.5486   0.9803   0.0239   1.0000   0.0011   0.9547   0.9825   0.0579   0.0413   0.9555   0.0322   0.1689   0.7348   0.2006   0.6306   0.5241   0.5267
  0.0164   0.8964   0.1066   0.9749   0.0032   0.0147   0.9851   0.9949   0.1534   0.8358   0.1677   0.0270   0.8692   0.9300   0.4477   0.5522   0.9740   0.0303   1.0000   0.0011   0.9657   0.9802   0.0529   0.0400   0.9548   0.0381   0.1649   0.7418   0.2023   0.6194   0.5511   0.4435
  0.0164   0.9065   0.0968   0.9749   0.0032   0.0207   0.9805   0.9933   0.1652   0.8251   0.1418   0.4696   0.4677   0.9396   0.4444   0.5552   0.9640   0.0406   0.9989   0.0011   0.9791   0.9672   0.0411   0.0426   0.9529   0.0416   0.1589   0.7424   0.1994   0.6006   0.5851   0.4367
  0.0152   0.9154   0.0893   0.9736   0.0032   0.0555   0.9396   0.9835   0.1735   0.8165   0.1414   0.8433   0.0618   0.9429   0.4435   0.5569   0.9526   0.0524   0.9989   0.0022   0.9815   0.9644   0.0226   0.0583   0.9520   0.0454   0.1572   0.7487   0.1919   0.5360   0.6812   0.4631
  0.0152   0.9230   0.0821   0.9736   0.0032   0.7804   0.1966   0.9819   0.1800   0.8098   0.1437   0.8517   0.0487   0.9414   0.4456   0.5593   0.9371   0.0692   0.9989   0.0022   0.9839   0.9632   0.0267   0.0518   0.9497   0.0520   0.1509   0.7557   0.1902   0.3686   0.8073   0.5125
  0.0152   0.9281   0.0784   0.9736   0.0032   0.9746   0.0377   0.9787   0.1841   0.8037   0.1431   0.8524   0.0468   0.9351   0.4520   0.5587   0.9163   0.0915   0.9989   0.0044   0.9840   0.9577   0.0288   0.0470   0.9448   0.0576   0.1490   0.7613   0.1909   0.3438   0.7596   0.5880
  0.0152   0.9344   0.0735   0.9736   0.0032   0.9898   0.0288   0.9755   0.1867   0.8014   0.1439   0.8545   0.0482   0.9144   0.4674   0.5596   0.8912   0.1203   0.9989   0.0066   0.9840   0.9424   0.0379   0.0495   0.9356   0.0661   0.1429   0.7714   0.2063   0.3874   0.4406   0.6997
  0.0140   0.9383   0.0697   0.9736   0.0032   0.9932   0.0291   0.9707   0.1902   0.7991   0.1415   0.8567   0.0575   0.8432   0.5246   0.5592   0.8568   0.1545   0.9989   0.0132   0.9795   0.8790   0.0785   0.0672   0.9093   0.0722   0.1390   0.7789   0.2336   0.4706   0.4675   0.7468
  0.0127   0.9421   0.0661   0.9735   0.0032   0.9966   0.0324   0.9658   0.1905   0.7980   0.1381   0.8603   0.0810   0.5604   0.7776   0.5579   0.8153   0.1971   0.9989   0.0429   0.9502   0.5429   0.3439   0.3643   0.6136   0.0813   0.1327   0.7864   0.2420   0.4286   0.6942   0.3860
  0.0127   0.9459   0.0636   0.9735   0.0032   0.9966   0.0358   0.9623   0.1916   0.7983   0.1343   0.8649   0.1606   0.2911   0.9843   0.5567   0.7664   0.2464   0.9989   0.6458   0.3370   0.1141   0.8230   0.8974   0.0693   0.0893   0.1265   0.7935   0.2485   0.3525   0.7817   0.3191
  0.0127   0.9485   0.0612   0.9735   0.0032   0.9966   0.0393   0.9572   0.1914   0.7983   0.1258   0.8723   0.3721   0.0643   0.9783   0.5788   0.7109   0.3012   0.9989   0.9775   0.0197   0.0352   0.9384   0.9227   0.0287   0.0990   0.1226   0.8030   0.2848   0.4685   0.8390   0.4291
  0.0115   0.9510   0.0587   0.9735   0.0032   0.9966   0.0444   0.9519   0.1914   0.7983   0.1162   0.8820   0.4342   0.0046   0.7929   0.7470   0.6519   0.3612   0.9989   0.9932   0.0044   0.0158   0.9686   0.9232   0.0171   0.1100   0.1167   0.8111   0.3121   0.3789   0.7778   0.3969
  0.0115   0.9535   0.0575   0.9734   0.0032   0.9966   0.0497   0.9452   0.1916   0.7986   0.1044   0.8928   0.4381   0.1041   0.5733   0.8811   0.5905   0.4211   0.9989   0.9955   0.0022   0.0090   0.9796   0.9183   0.0233   0.1027   0.1111   0.8203   0.3597   0.4094   0.6969   0.5533
  0.0115   0.9548   0.0562   0.9734   0.0032   0.9966   0.0534   0.9397   0.1916   0.7989   0.0914   0.9080   0.4383   0.4551   0.1870   0.9193   0.5308   0.4784   0.9989   0.9966   0.0022   0.0067   0.9703   0.9314   0.0875   0.0413   0.1075   0.8274   0.3273   0.4179   0.5993   0.4844
  0.0115   0.9561   0.0550   0.9734   0.0032   0.9966   0.0604   0.9344   0.1916   0.8011   0.0762   0.9221   0.4381   0.5315   0.0905   0.9335   0.4751   0.5319   0.9989   0.9978   0.0011   0.0056   0.9365   0.9618   0.1162   0.0234   0.1021   0.8325   0.3975   0.3938   0.5923   0.5935
  0.0115   0.9573   0.0537   0.9734   0.0032   0.9966   0.0626   0.9306   0.1902   0.8014   0.0617   0.9392   0.4387   0.5481   0.0674   0.9402   0.4276   0.5797   1.0000   0.9978   0.0011   0.0056   0.9160   0.9748   0.1331   0.0162   0.0986   0.8414   0.4097   0.3864   0.6016   0.5828
  0.0115   0.9574   0.0537   0.9734   0.0032   0.9966   0.0678   0.9251   0.1902   0.8003   0.0461   0.9535   0.4394   0.5524   0.0578   0.9437   0.3859   0.6172   1.0000   0.9978   0.0011   0.0068   0.9036   0.9791   0.1431   0.0106   0.0957   0.8436   0.4155   0.3891   0.5804   0.5714
  0.0115   0.9587   0.0526   0.9734   0.0032   0.9966   0.0699   0.9215   0.1902   0.8017   0.0347   0.9651   0.4402   0.5546   0.0499   0.9488   0.3533   0.6499   1.0000   0.9978   0.0000   0.0079   0.8947   0.9819   0.1530   0.0092   0.0932   0.8509   0.4104   0.3904   0.5857   0.5508
  0.0115   0.9598   0.0526   0.9734   0.0032   0.9966   0.0718   0.9195   0.1902   0.8028   0.0235   0.9764   0.4401   0.5544   0.0392   0.9594   0.3319   0.6709   1.0000   0.9978   0.0000   0.0091   0.8878   0.9846   0.1573   0.0065   0.0905   0.8557   0.4195   0.4055   0.6080   0.5751
  0.0115   0.9598   0.0514   0.9734   0.0032   0.9966   0.0751   0.9191   0.1890   0.8017   0.0184   0.9815   0.4409   0.5552   0.0259   0.9741   0.3183   0.6834   1.0000   0.9978   0.0000   0.0102   0.8841   0.9898   0.1502   0.0052   0.0860   0.8579   0.4179   0.3862   0.5992   0.5893
  0.0115   0.9598   0.0514   0.9734   0.0032   0.9966   0.0753   0.9174   0.1902   0.8017   0.0172   0.9827   0.4409   0.5544   0.0187   0.9814   0.3120   0.6858   1.0000   0.9978   0.0000   0.0102   0.8823   0.9962   0.1416   0.0052   0.0860   0.8579   0.4150   0.4014   0.5894   0.5810
