  0.0000      -13.830600  -13.633100  -13.514700  -13.378800   -7.619700   -7.109700   -6.293900   -6.133300   -5.620900   -5.397100   -4.564300   -4.521200   -3.429100   -3.065800   -2.428300   -2.321300   -2.115900   -1.929200    0.827500    1.338600    1.646800    2.101600    2.503300    2.918400    2.976500    3.569900    3.900100    4.902800    6.413900    6.623800    6.788300    7.314900
  0.0126      -13.838800  -13.640000  -13.517700  -13.381700   -7.610500   -7.102600   -6.286400   -6.125900   -5.619500   -5.393700   -4.560600   -4.517700   -3.426800   -3.063400   -2.431900   -2.325800   -2.124200   -1.938200    0.826300    1.331500    1.641700    2.085400    2.500000    2.916300    2.973200    3.567400    3.931600    4.925500    6.409300    6.615500    6.789900    7.394800
  0.0253      -13.863400  -13.660600  -13.526600  -13.390600   -7.582900   -7.081600   -6.264000   -6.103900   -5.615500   -5.383800   -4.549500   -4.507100   -3.420100   -3.056000   -2.442900   -2.339000   -2.148100   -1.964400    0.822900    1.310800    1.626800    2.040600    2.488800    2.910000    2.962900    3.559900    4.022200    4.992000    6.396000    6.590100    6.783500    7.236800
  0.0378      -13.903600  -13.694500  -13.541100  -13.405100   -7.537800   -7.047100   -6.227100   -6.067600   -5.609900   -5.368100   -4.531000   -4.489600   -3.408800   -3.043700   -2.461200   -2.361200   -2.184700   -2.005100    0.818000    1.278300    1.603400    1.975900    2.467700    2.899400    2.944700    3.547300    4.162600    5.098700    6.377700    6.554100    6.772700    7.176200
  0.0505      -13.958300  -13.740700  -13.560900  -13.425000   -7.476400   -7.000300   -6.176200   -6.017700   -5.604300   -5.347900   -4.505300   -4.465100   -3.392700   -3.026300   -2.487100   -2.392200   -2.229800   -2.056200    0.812500    1.236300    1.573200    1.899900    2.435400    2.884400    2.917600    3.529300    4.341200    5.239900    6.357700    6.513200    6.744400    7.161300
  0.0631      -14.026000  -13.798400  -13.585500  -13.449800   -7.400300   -6.942500   -6.112000   -5.954800   -5.600600   -5.325100   -4.472300   -4.433800   -3.371700   -3.003600   -2.520700   -2.432000   -2.277900   -2.112200    0.807700    1.187200    1.538500    1.818900    2.391300    2.864800    2.880500    3.505800    4.546700    5.408300    6.335100    6.474900    6.690100    7.098700
  0.0757      -14.105300  -13.866100  -13.614500  -13.479100   -7.311400   -6.875400   -6.035600   -5.880400   -5.600500   -5.301600   -4.432300   -4.395900   -3.345700   -2.975600   -2.562100   -2.480500   -2.323000   -2.167400    0.804700    1.133400    1.501900    1.736900    2.335600    2.832700    2.840200    3.476300    4.768500    5.594400    6.302500    6.451200    6.611800    7.106200
  0.0884      -14.194200  -13.942400  -13.647300  -13.512400   -7.212200   -6.801000   -5.948200   -5.796900   -5.604300   -5.279900   -4.385400   -4.351400   -3.314500   -2.942100   -2.611200   -2.537200   -2.359200   -2.215400    0.805100    1.077000    1.465900    1.656600    2.268800    2.773700    2.810600    3.440600    4.996100    5.785100    6.251900    6.442100    6.533000    7.257400
  0.1010      -14.291100  -14.025900  -13.683300  -13.549000   -7.105500   -6.721600   -5.852200   -5.713700   -5.604000   -5.261700   -4.331800   -4.300600   -3.277900   -2.903000   -2.668100   -2.601900   -2.381600   -2.250100    0.809900    1.020000    1.432900    1.579300    2.192000    2.703600    2.775500    3.398200    5.218000    5.952400    6.186100    6.400900    6.528200    7.138600
  0.1136      -14.394100  -14.114900  -13.722100  -13.588400   -6.995000   -6.640100   -5.755700   -5.669200   -5.555100   -5.248100   -4.271700   -4.243700   -3.236000   -2.858300   -2.732200   -2.673700   -2.386700   -2.266400    0.820100    0.964100    1.405000    1.506200    2.106500    2.623300    2.734900    3.348700    5.417600    6.018800    6.117800    6.396800    6.588400    6.959700
  0.1262      -14.501500  -14.208100  -13.762900  -13.629900   -6.885700   -6.559700   -5.717400   -5.609100   -5.453400   -5.238100   -4.205600   -4.180900   -3.189000   -2.808200   -2.803300   -2.751800   -2.372900   -2.260000    0.836500    0.911000    1.383800    1.438200    2.014300    2.534000    2.688300    3.292000    5.566400    5.945000    6.065500    6.494200    6.691600    6.788400
  0.1389      -14.611700  -14.304100  -13.805300  -13.673000   -6.785400   -6.484300   -5.733200   -5.497800   -5.337500   -5.226800   -4.133600   -4.112700   -3.137300   -2.880300   -2.835300   -2.753200   -2.340100   -2.228900    0.859400    0.862600    1.370500    1.376100    1.917500    2.437500    2.635800    3.227800    5.617700    5.819900    6.058400    6.582400    6.621300    6.841600
  0.1515      -14.723200  -14.401500  -13.848600  -13.716900   -6.705300   -6.418200   -5.745200   -5.379800   -5.237800   -5.184300   -4.056400   -4.039300   -3.081400   -2.962500   -2.923000   -2.693800   -2.289600   -2.173700    0.820900    0.888900    1.320800    1.365800    1.818700    2.336000    2.577200    3.155900    5.565200    5.680000    6.096500    6.425600    6.721500    6.955600
  0.1641      -14.834800  -14.499000  -13.892200  -13.761200   -6.658200   -6.366400   -5.733900   -5.275000   -5.182000   -5.064900   -3.974400   -3.961000   -3.048700   -3.022200   -3.013600   -2.631200   -2.223500   -2.097100    0.787900    0.925100    1.273300    1.370200    1.720700    2.232000    2.512500    3.076500    5.460400    5.536000    6.098400    6.313300    6.747300    6.969000
  0.1767      -14.945000  -14.595700  -13.935700  -13.805300   -6.652300   -6.335500   -5.687000   -5.207600   -5.082200   -4.929400   -3.888800   -3.878000   -3.137600   -3.105900   -2.960900   -2.566900   -2.145000   -2.003400    0.765800    0.967300    1.234400    1.383300    1.626600    2.128200    2.442100    2.989900    5.336500    5.392900    5.998900    6.286300    6.658600    7.094700
  0.1893      -15.052800  -14.690300  -13.978600  -13.848700   -6.684700   -6.330500   -5.602300   -5.145800   -4.957100   -4.789100   -3.800700   -3.790100   -3.228000   -3.198600   -2.899100   -2.502900   -2.058100   -1.897600    0.756800    1.015200    1.204900    1.404800    1.539800    2.027500    2.366200    2.896500    5.206900    5.253300    5.859400    6.274600    6.533000    7.078500
  0.2020      -15.157200  -14.782200  -14.020300  -13.890900   -6.745000   -6.351100   -5.487000   -5.069400   -4.826600   -4.645900   -3.711300   -3.697900   -3.318500   -3.290500   -2.838700   -2.441500   -1.967300   -1.784700    0.763000    1.067900    1.185000    1.433800    1.464500    1.932900    2.285500    2.797200    5.077600    5.118900    5.717800    6.231100    6.419200    7.038700
  0.2146      -15.257200  -14.870300  -14.060600  -13.931600   -6.822400   -6.392000   -5.351400   -4.977500   -4.695300   -4.501000   -3.620800   -3.602600   -3.407600   -3.380200   -2.782000   -2.385400   -1.877200   -1.669600    0.786100    1.124500    1.173800    1.405700    1.469500    1.847300    2.200700    2.692800    4.951700    4.990800    5.581900    6.144700    6.314900    6.962700
  0.2272      -15.352000  -14.953900  -14.098900  -13.970400   -6.908600   -6.446800   -5.203700   -4.873500   -4.564700   -4.355000   -3.530900   -3.507800   -3.491700   -3.466400   -2.731500   -2.337800   -1.792200   -1.556600    0.827100    1.169200    1.183900    1.369200    1.510600    1.773500    2.112800    2.584800    4.831300    4.869600    5.453900    6.026000    6.204800    6.821400
  0.2398      -15.441000  -15.032300  -14.135000  -14.006900   -6.997600   -6.509700   -5.050100   -4.761900   -4.435800   -4.208700   -3.578600   -3.549600   -3.438200   -3.408000   -2.689700   -2.301700   -1.715600   -1.449600    0.885800    1.168000    1.245000    1.360700    1.555700    1.713900    2.023200    2.474700    4.717300    4.756100    5.334200    5.882200    6.081600    6.629000
  0.2524      -15.523300  -15.105000  -14.168600  -14.040700   -7.085400   -6.575900   -4.895200   -4.646800   -4.309100   -4.062500   -3.656900   -3.626700   -3.349100   -3.311900   -2.659100   -2.279900   -1.649600   -1.351800    0.960900    1.170700    1.306400    1.380900    1.603300    1.670400    1.933400    2.364400    4.610300    4.650500    5.222800    5.710800    5.957200    6.450100
  0.2651      -15.598500  -15.171500  -14.199300  -14.071700   -7.168900   -6.641700   -4.743000   -4.531900   -4.185200   -3.917000   -3.729700   -3.698000   -3.262500   -3.218400   -2.641300   -2.274800   -1.595200   -1.265200    1.049400    1.181200    1.366800    1.424900    1.644000    1.651600    1.845300    2.255900    4.510200    4.553400    5.118500    5.516600    5.841600    6.224900
  0.2777      -15.666000  -15.231100  -14.227000  -14.099500   -7.246100   -6.704600   -4.597000   -4.420700   -4.064700   -3.796000   -3.772400   -3.762500   -3.180200   -3.129100   -2.637400   -2.287800   -1.552200   -1.191200    1.147000    1.202900    1.424800    1.485700    1.634600    1.696600    1.763200    2.151400    4.416500    4.464900    5.018000    5.318200    5.732900    6.029100
  0.2903      -15.725400  -15.283600  -14.251400  -14.124100   -7.315500   -6.762300   -4.460600   -4.316300   -3.948500   -3.854900   -3.819700   -3.629400   -3.103800   -3.046000   -2.647400   -2.319100   -1.519500   -1.129900    1.229000    1.255300    1.478900    1.556200    1.641700    1.673400    1.752300    2.053600    4.328100    4.385600    4.913200    5.140400    5.620300    5.857400
  0.3029      -15.776200  -15.328600  -14.272300  -14.145100   -7.375900   -6.813300   -4.337200   -4.221900   -3.905900   -3.868900   -3.838000   -3.488200   -3.034900   -2.970800   -2.670000   -2.368300   -1.495700   -1.080900    1.270800    1.354700    1.527700    1.603100    1.623800    1.668700    1.792300    1.965000    4.243600    4.315900    4.794000    5.007000    5.493100    5.731200
  0.3155      -15.818300  -15.365800  -14.289600  -14.162600   -7.426300   -6.856500   -4.230300   -4.140200   -3.948300   -3.909900   -3.735300   -3.349400   -2.975400   -2.905700   -2.702600   -2.434100   -1.479000   -1.043300    1.313800    1.449300    1.540000    1.569900    1.665900    1.728000    1.829000    1.888100    4.162300    4.256500    4.670000    4.919000    5.360200    5.647200
  0.3282      -15.851300  -15.395000  -14.303200  -14.176200   -7.466100   -6.890800   -4.143100   -4.073600   -3.981700   -3.942100   -3.643900   -3.213900   -2.927000   -2.852500   -2.741000   -2.514500   -1.467900   -1.015700    1.354600    1.488500    1.531100    1.603800    1.695400    1.795000    1.825100    1.859700    4.086200    4.208000    4.564600    4.859700    5.242200    5.591000
  0.3408      -15.875000  -15.416000  -14.312900  -14.186000   -7.494900   -6.915800   -4.078500   -4.024400   -4.005900   -3.965300   -3.569100   -3.082600   -2.891200   -2.813100   -2.779000   -2.607200   -1.461000   -0.997000    1.388400    1.450100    1.594400    1.628600    1.719500    1.779000    1.851100    1.882200    4.021600    4.171800    4.489300    4.819300    5.152500    5.554100
  0.3535      -15.889300  -15.428600  -14.318800  -14.192000   -7.512300   -6.931000   -4.038700   -4.020400   -3.994200   -3.979300   -3.518500   -2.957900   -2.869200   -2.809100   -2.788900   -2.708100   -1.457300   -0.986200    1.410700    1.426400    1.634600    1.643400    1.735800    1.750900    1.888000    1.896200    3.977500    4.149200    4.445400    4.795000    5.097200    5.532600
  0.3660      -15.894000  -15.432800  -14.320800  -14.193900   -7.518100   -6.936000   -4.025300   -4.025300   -3.984000   -3.984000   -3.500400   -2.861700   -2.861700   -2.836100   -2.780700   -2.780700   -1.456100   -0.982700    1.418400    1.418400    1.648300    1.648300    1.741500    1.741500    1.900900    1.900900    3.961800    4.141500    4.431000    4.786800    5.078600    5.525600
  0.3660      -15.894000  -15.432800  -14.320800  -14.193900   -7.518100   -6.936000   -4.025300   -4.025300   -3.984000   -3.984000   -3.500400   -2.861700   -2.861700   -2.836100   -2.780700   -2.780700   -1.456100   -0.982700    1.418400    1.418400    1.648300    1.648300    1.741500    1.741500    1.900900    1.900900    3.961800    4.141500    4.431000    4.786800    5.078600    5.525600
  0.3806      -15.887700  -15.427200  -14.318200  -14.191300   -7.510300   -6.929300   -4.043200   -4.018800   -3.997500   -3.977700   -3.524400   -2.976500   -2.871700   -2.805100   -2.791600   -2.692300   -1.457700   -0.987400    1.408100    1.429100    1.630000    1.641800    1.733900    1.754000    1.883800    1.894600    3.982600    4.151700    4.450200    4.797700    5.103400    5.535000
  0.3952      -15.868600  -15.410400  -14.310300  -14.183400   -7.487200   -6.909100   -4.095900   -4.037600   -3.999400   -3.959100   -3.589900   -3.122300   -2.901700   -2.824800   -2.766700   -2.576900   -1.462800   -1.001900    1.378600    1.460800    1.577300    1.621700    1.712300    1.791900    1.835600    1.875900    4.039800    4.181600    4.509200    4.830000    5.176800    5.563700
  0.4098      -15.837100  -15.382500  -14.297300  -14.170400   -7.449000   -6.876000   -4.180800   -4.102300   -3.967600   -3.928400   -3.684000   -3.274400   -2.952300   -2.880800   -2.718300   -2.472800   -1.472500   -1.027300    1.334200    1.495900    1.512700    1.588200    1.680100    1.765200    1.844600    1.855500    4.120700    4.229100    4.610200    4.884500    5.294200    5.614400
  0.4244      -15.793300  -15.343700  -14.279300  -14.152200   -7.396200   -6.830700   -4.293800   -4.188700   -3.923900   -3.886100   -3.795100   -3.429100   -3.023900   -2.960000   -2.668400   -2.383300   -1.488400   -1.065000    1.280800    1.393700    1.541800    1.583100    1.638100    1.687400    1.804400    1.940800    4.212700    4.292200    4.746500    4.969200    5.442800    5.695100
  0.4390      -15.737600  -15.294500  -14.256400  -14.129200   -7.329800   -6.774300   -4.430000   -4.292900   -3.915900   -3.869000   -3.832900   -3.583900   -3.117000   -3.062700   -2.622600   -2.309200   -1.512800   -1.116900    1.224200    1.280200    1.484500    1.571000    1.629400    1.670500    1.757500    2.047600    4.310000    4.369600    4.889300    5.107100    5.595400    5.826500
  0.4535      -15.670500  -15.235100  -14.228800  -14.101400   -7.250700   -6.708200   -4.584200   -4.410800   -4.040300   -3.805100   -3.770200   -3.736400   -3.231500   -3.188100   -2.583500   -2.250800   -1.547900   -1.184000    1.154700    1.179300    1.417900    1.488700    1.600000    1.691700    1.782900    2.172200    4.412700    4.460400    5.013400    5.311100    5.729300    6.023500
  0.4681      -15.592400  -15.166100  -14.196800  -14.069100   -7.160400   -6.634600   -4.751000   -4.537400   -4.165200   -3.885400   -3.733400   -3.699200   -3.366900   -3.334000   -2.552700   -2.207900   -1.595600   -1.266700    1.044000    1.130700    1.344500    1.410800    1.582300    1.640200    1.894600    2.311100    4.523000    4.564100    5.130800    5.552000    5.858400    6.266000
  0.4827      -15.504200  -15.088200  -14.160700  -14.032700   -7.060600   -6.555900   -4.925100   -4.667800   -4.288000   -4.029300   -3.657200   -3.622600   -3.522200   -3.496100   -2.530600   -2.179900   -1.657100   -1.363800    0.938200    1.095600    1.268900    1.341600    1.566500    1.603600    2.017800    2.460600    4.642900    4.680300    5.254300    5.793000    6.004700    6.535400
  0.4972      -15.406400  -15.001900  -14.120800  -13.992500   -6.953800   -6.475800   -5.101500   -4.796300   -4.407000   -4.168000   -3.698300   -3.668300   -3.578900   -3.542600   -2.517800   -2.166200   -1.731700   -1.472500    0.843100    1.069300    1.198500    1.281000    1.538000    1.606300    2.146700    2.616700    4.773600    4.808800    5.388800    6.000900    6.185800    6.826300
  0.5117      -15.300100  -14.908200  -14.077400  -13.948700   -6.843200   -6.398800   -5.274600   -4.916700   -4.521800   -4.302800   -3.886300   -3.845300   -3.506000   -3.464600   -2.514300   -2.165900   -1.816700   -1.587900    0.759200    1.042900    1.144400    1.231700    1.520400    1.630900    2.277500    2.775200    4.915500    4.949400    5.535900    6.176100    6.383400    7.050800
  0.5263      -15.186200  -14.807900  -14.031200  -13.902000   -6.733400   -6.331100   -5.438200   -5.022100   -4.633700   -4.437300   -4.079800   -4.021100   -3.443700   -3.394100   -2.520300   -2.178400   -1.907000   -1.703200    0.686000    1.004100    1.115800    1.203200    1.522600    1.669500    2.406600    2.932100    5.068800    5.101500    5.696400    6.344100    6.563900    7.289700
  0.5409      -15.065800  -14.702000  -13.982400  -13.852600   -6.631800   -6.280600   -5.583500   -5.104600   -4.747300   -4.578400   -4.268100   -4.185200   -3.401100   -3.338800   -2.535900   -2.202500   -1.995000   -1.810400    0.623500    0.959400    1.101800    1.206600    1.544000    1.719600    2.530700    3.083700    5.232900    5.264900    5.870700    6.516500    6.709900    7.407900
  0.5555      -14.940200  -14.591800  -13.931600  -13.801300   -6.549900   -6.255600   -5.696900   -5.157600   -4.872000   -4.733700   -4.438100   -4.324500   -3.387500   -3.308400   -2.560800   -2.236400   -2.071700   -1.900800    0.574100    0.922400    1.096500    1.238200    1.581100    1.779000    2.646600    3.226400    5.407400    5.438700    6.058800    6.691700    6.819200    7.302300
  0.5701      -14.810700  -14.478400  -13.879300  -13.748400   -6.504200   -6.261800   -5.760100   -5.179200   -5.019200   -4.905000   -4.574700   -4.432100   -3.410600   -3.312100   -2.595000   -2.278300   -2.128600   -1.967400    0.541800    0.902100    1.101500    1.288200    1.629500    1.845800    2.751900    3.357200    5.591200    5.622000    6.260600    6.823400    6.933300    7.162300
  0.5847      -14.678900  -14.363300  -13.826200  -13.694600   -6.507700   -6.293700   -5.762700   -5.211800   -5.152500   -5.088100   -4.670700   -4.509800   -3.473000   -3.355200   -2.638800   -2.327500   -2.160700   -2.006300    0.531200    0.905000    1.114600    1.350100    1.684400    1.917600    2.844800    3.474000    5.782700    5.813300    6.476100    6.789800    7.088200    7.118900
  0.5992      -14.546300  -14.248000  -13.772800  -13.640600   -6.555200   -6.337300   -5.717000   -5.391000   -5.278800   -5.132800   -4.731400   -4.562900   -3.571100   -3.435800   -2.692800   -2.386100   -2.167100   -2.018300    0.545700    0.934900    1.131500    1.419300    1.741100    1.992000    2.924500    3.575800    5.978900    6.009900    6.640500    6.705900    7.083000    7.321800
  0.6138      -14.414900  -14.134000  -13.719800  -13.587000   -6.625000   -6.382700   -5.646700   -5.583800   -5.468600   -5.093800   -4.765400   -4.595500   -3.697300   -3.546700   -2.756800   -2.454900   -2.151200   -2.008300    0.585400    0.992300    1.147900    1.491400    1.795200    2.066100    2.991400    3.663200    6.169100    6.203800    6.472100    6.939200    7.080700    7.357100
  0.6284      -14.286400  -14.023100  -13.667900  -13.534500   -6.697600   -6.424000   -5.774500   -5.656800   -5.565100   -5.052100   -4.778900   -4.610500   -3.843500   -3.679200   -2.829900   -2.532800   -2.118100   -1.981000    0.646100    1.073600    1.162100    1.561600    1.844400    2.136500    3.047200    3.738400    6.204600    6.377600    6.459200    7.016700    7.204200    7.262400
  0.6430      -14.162800  -13.916800  -13.617700  -13.483900   -6.761400   -6.456100   -5.956600   -5.832900   -5.491300   -5.014100   -4.776200   -4.610200   -4.002700   -3.826400   -2.910900   -2.617800   -2.071200   -1.939100    0.716000    1.169400    1.177600    1.623700    1.890900    2.199500    3.095100    3.805000    6.039700    6.504000    6.635200    6.983900    7.201700    7.491400
  0.6576      -14.046100  -13.817000  -13.569900  -13.435800   -6.810000   -6.474800   -6.127300   -5.998900   -5.426200   -4.983600   -4.760500   -4.596500   -4.169100   -3.982800   -2.998200   -2.708000   -2.011800   -1.883100    0.773300    1.200200    1.270100    1.670600    1.945000    2.251600    3.138700    3.867400    5.866100    6.501500    6.803000    7.053800    7.169200    7.762900
  0.6721      -13.938200  -13.725200  -13.525200  -13.390900   -6.839600   -6.476800   -6.283900   -6.151400   -5.374700   -4.963400   -4.734100   -4.571900   -4.337400   -4.144200   -3.090300   -2.801400   -1.940900   -1.812800    0.791600    1.235000    1.363700    1.698400    2.022900    2.289700    3.182100    3.930300    5.705700    6.406100    6.862900    7.186900    7.196100    7.836600
  0.6867      -13.840800  -13.642800  -13.484200  -13.350000   -6.847700   -6.463500   -6.420900   -6.288700   -5.339300   -4.957000   -4.699200   -4.550000   -4.490100   -4.306000   -3.185200   -2.896100   -1.859600   -1.728400    0.762400    1.243700    1.466700    1.712600    2.133400    2.312800    3.228200    3.996800    5.563900    6.287600    6.766200    7.245100    7.327100    7.813600
  0.7013      -13.755500  -13.571200  -13.447500  -13.313600   -6.833400   -6.552200   -6.418500   -6.408400   -5.322400   -4.969200   -4.687900   -4.640400   -4.491100   -4.453800   -3.280900   -2.989600   -1.770500   -1.631700    0.697100    1.192700    1.592200    1.719100    2.265200    2.326700    3.278300    4.068100    5.443900    6.172800    6.613300    7.168400    7.476300    7.960100
  0.7159      -13.683300  -13.511100  -13.415500  -13.282400   -6.796800   -6.657200   -6.512000   -6.358300   -5.328200   -5.008300   -4.816800   -4.638700   -4.571000   -4.430000   -3.374500   -3.079300   -1.677600   -1.526400    0.610500    1.093300    1.704700    1.740300    2.306100    2.431200    3.331300    4.142700    5.349200    6.071300    6.453300    7.029900    7.608600    8.187400
  0.7305      -13.625100  -13.463200  -13.388700  -13.256600   -6.748100   -6.735300   -6.595900   -6.277800   -5.364300   -5.078800   -4.935000   -4.734400   -4.534300   -4.376300   -3.463100   -3.161800   -1.586300   -1.418500    0.515400    0.969300    1.702000    1.862900    2.293100    2.576400    3.384600    4.217300    5.284800    5.984800    6.307300    6.879200    7.716900    8.427200
  0.7451      -13.580900  -13.427400  -13.367400  -13.236700   -6.811100   -6.672900   -6.654000   -6.179400   -5.435500   -5.169700   -5.035100   -4.803700   -4.483900   -4.323100   -3.542200   -3.232900   -1.503800   -1.316600    0.424000    0.842400    1.686900    1.974800    2.273300    2.704600    3.434100    4.286400    5.257100    5.903500    6.196800    6.731200    7.800100    8.681800
  0.7595      -13.550600  -13.403300  -13.351900  -13.222600   -6.858300   -6.708100   -6.585400   -6.070600   -5.526900   -5.277800   -5.101100   -4.844200   -4.440200   -4.276900   -3.606300   -3.288100   -1.437700   -1.231500    0.348000    0.733000    1.670500    2.060300    2.252900    2.802100    3.474800    4.343800    5.271400    5.807800    6.148800    6.591200    7.858000    8.910000
  0.7741      -13.533200  -13.389800  -13.342600  -13.214400   -6.886000   -6.734800   -6.518300   -5.970300   -5.605600   -5.381100   -5.134700   -4.867800   -4.410900   -4.244800   -3.648500   -3.322900   -1.395300   -1.174800    0.298100    0.658800    1.657400    2.113500    2.236500    2.861100    3.502000    4.382800    5.323600    5.700600    6.166500    6.466900    7.890900    9.057500
  0.7887      -13.527700  -13.385500  -13.339600  -13.211700   -6.895100   -6.743500   -6.490100   -5.923700   -5.637400   -5.427500   -5.146100   -4.876800   -4.400700   -4.233400   -3.663000   -3.334600   -1.381100   -1.155200    0.280900    0.632800    1.652200    2.131400    2.229700    2.880200    3.511800    4.397000    5.367900    5.637800    6.200300    6.399200    7.900900    9.068800
  0.7887      -13.527700  -13.385500  -13.339600  -13.211700   -6.895100   -6.743500   -6.490100   -5.923700   -5.637400   -5.427500   -5.146100   -4.876800   -4.400700   -4.233400   -3.663000   -3.334600   -1.381100   -1.155200    0.280900    0.632800    1.652200    2.131400    2.229700    2.880200    3.511800    4.397000    5.367900    5.637800    6.200300    6.399200    7.900900    9.094700
  0.7960      -13.529000  -13.386500  -13.340300  -13.212400   -6.892900   -6.741400   -6.497900   -5.936500   -5.629300   -5.415800   -5.142500   -4.873800   -4.403200   -4.236200   -3.659500   -3.331800   -1.384500   -1.159900    0.285100    0.639200    1.653800    2.127200    2.231600    2.875800    3.509200    4.393200    5.350700    5.658800    6.186000    6.422100    7.898700    9.053100
  0.8033      -13.532700  -13.389400  -13.342400  -13.214200   -6.886500   -6.735200   -6.520600   -5.971200   -5.606900   -5.386400   -5.129500   -4.863400   -4.410200   -4.244200   -3.649800   -3.323900   -1.394100   -1.173500    0.297300    0.658000    1.658600    2.115000    2.237400    2.863200    3.501400    4.381400    5.306400    5.712100    6.154600    6.481000    7.892800    9.014600
  0.8105      -13.538600  -13.394000  -13.345700  -13.217200   -6.876100   -6.725200   -6.556300   -6.020700   -5.575200   -5.350500   -5.103700   -4.842600   -4.421100   -4.256600   -3.635000   -3.311500   -1.409100   -1.194700    0.316700    0.687900    1.667200    2.095900    2.247000    2.843300    3.488300    4.361500    5.248200    5.776200    6.126800    6.561300    7.883800    8.979500
  0.8178      -13.546500  -13.400200  -13.350200  -13.221200   -6.862000   -6.711700   -6.601600   -6.078800   -5.540800   -5.317100   -5.062700   -4.807600   -4.435000   -4.272500   -3.616200   -3.295500   -1.428600   -1.221900    0.342200    0.727300    1.679900    2.070900    2.260600    2.817200    3.469800    4.333300    5.183900    5.825400    6.126200    6.655400    7.872500    8.913500
  0.8251      -13.556100  -13.407800  -13.355700  -13.226200   -6.844300   -6.695900   -6.652900   -6.141400   -5.510100   -5.290100   -5.006400   -4.755300   -4.451200   -4.290900   -3.594700   -3.276600   -1.451200   -1.253600    0.372800    0.774500    1.696900    2.040700    2.278600    2.786000    3.446100    4.297000    5.116800    5.835100    6.175300    6.760100    7.859700    8.833300
  0.8324      -13.567300  -13.416700  -13.362100  -13.232100   -6.823600   -6.714700   -6.671000   -6.206200   -5.487300   -5.269900   -4.936200   -4.685000   -4.468700   -4.310900   -3.571700   -3.255800   -1.476200   -1.288400    0.407400    0.827800    1.718500    2.006100    2.301000    2.750500    3.417400    4.252900    5.048500    5.810200    6.267700    6.873000    7.845800    8.789900
  0.8397      -13.579800  -13.426800  -13.369300  -13.238700   -6.801000   -6.772300   -6.649300   -6.271600   -5.473600   -5.256500   -4.852900   -4.599300   -4.486200   -4.331900   -3.548100   -3.233900   -1.502500   -1.324800    0.444800    0.885700    1.744800    1.967900    2.328200    2.711800    3.383800    4.201700    4.979800    5.768700    6.384000    6.992500    7.831300    8.662300
  0.8469      -13.593500  -13.437800  -13.377000  -13.246000   -6.835600   -6.772700   -6.623900   -6.336600   -5.467700   -5.249200   -4.757800   -4.517900   -4.487100   -4.352800   -3.524600   -3.211500   -1.529300   -1.361800    0.484000    0.946500    1.775900    1.926900    2.360300    2.670600    3.345700    4.144000    4.911100    5.720400    6.512900    7.117100    7.816700    8.566900
  0.8542      -13.608000  -13.449600  -13.385300  -13.253800   -6.897000   -6.744700   -6.596100   -6.400700   -5.467700   -5.247300   -4.652800   -4.526100   -4.393600   -4.367900   -3.501900   -3.189400   -1.556100   -1.398500    0.524100    1.009000    1.811200    1.884400    2.397400    2.627900    3.303500    4.080600    4.842800    5.669300    6.649100    7.245200    7.802400    8.487400
  0.8615      -13.623300  -13.462000  -13.394100  -13.262100   -6.958400   -6.714800   -6.566500   -6.463100   -5.471700   -5.249600   -4.550500   -4.531800   -4.395200   -4.270800   -3.480500   -3.167900   -1.582300   -1.434300    0.564400    1.072000    1.830900    1.860800    2.439200    2.584600    3.257800    4.012400    4.774900    5.616900    6.789100    7.374600    7.788900    8.349600
  0.8688      -13.639000  -13.474800  -13.403100  -13.270700   -7.018900   -6.683800   -6.535900   -6.522900   -5.478600   -5.255100   -4.559000   -4.436200   -4.396400   -4.151100   -3.460700   -3.147600   -1.607800   -1.468700    0.603900    1.134600    1.789500    1.902100    2.484100    2.542800    3.209000    3.940500    4.707700    5.564300    6.929900    7.502200    7.778000    8.241300
  0.8761      -13.655000  -13.487900  -13.412300  -13.279500   -7.077800   -6.653300   -6.580300   -6.502900   -5.487400   -5.262800   -4.572500   -4.438500   -4.287400   -4.027800   -3.442700   -3.128700   -1.632200   -1.501500    0.642100    1.195700    1.743400    1.952400    2.490300    2.545000    3.157800    3.865700    4.641300    5.511800    7.067400    7.620400    7.774000    8.136300
  0.8834      -13.671100  -13.501200  -13.421600  -13.288400   -7.134900   -6.648400   -6.608600   -6.470100   -5.497500   -5.272100   -4.584300   -4.454300   -4.159800   -3.902400   -3.426500   -3.111600   -1.655600   -1.532500    0.678400    1.254700    1.697200    2.007300    2.450200    2.599100    3.105000    3.789200    4.575800    5.459600    7.195700    7.696700    7.803700    8.040400
  0.8907      -13.687200  -13.514400  -13.430800  -13.297300   -7.189700   -6.696500   -6.581200   -6.437000   -5.508500   -5.282500   -4.594000   -4.469300   -4.029200   -3.776400   -3.412000   -3.096200   -1.678200   -1.561700    0.712100    1.310800    1.651800    2.066100    2.409500    2.659800    3.051100    3.711900    4.511500    5.408100    7.303500    7.705300    7.879000    7.957000
  0.8980      -13.703000  -13.527500  -13.440000  -13.306200   -7.242100   -6.746800   -6.549400   -6.404000   -5.519800   -5.293500   -4.601400   -4.482800   -3.897400   -3.651600   -3.398200   -3.082600   -1.700100   -1.589300    0.742900    1.363300    1.607900    2.127700    2.371100    2.724600    2.997200    3.634800    4.448400    5.357300    7.373700    7.683900    7.920800    7.955800
  0.9053      -13.718500  -13.540200  -13.449000  -13.314900   -7.291700   -6.794600   -6.517700   -6.371600   -5.531300   -5.304900   -4.606500   -4.494500   -3.766000   -3.531800   -3.381900   -3.070600   -1.721700   -1.615500    0.770200    1.411700    1.566300    2.189300    2.337900    2.791700    2.945100    3.558900    4.386900    5.307500    7.384300    7.645300    7.846800    8.013000
  0.9126      -13.733400  -13.552500  -13.457600  -13.323300   -7.338300   -6.839700   -6.487100   -6.340000   -5.542700   -5.316300   -4.609300   -4.504200   -3.637200   -3.434900   -3.345000   -3.059700   -1.743500   -1.640500    0.793600    1.454700    1.528200    2.237900    2.322600    2.849000    2.906800    3.485100    4.327100    5.259000    7.338100    7.586500    7.717400    7.940000
  0.9199      -13.747600  -13.564300  -13.465900  -13.331300   -7.381900   -6.881600   -6.457900   -6.309800   -5.553800   -5.327500   -4.609800   -4.512100   -3.518000   -3.388900   -3.255500   -3.048300   -1.765800   -1.664800    0.812800    1.479800    1.506300    2.239600    2.358700    2.828600    2.950300    3.414500    4.269300    5.211900    7.261400    7.485800    7.644000    7.817900
  0.9272      -13.761000  -13.575400  -13.473800  -13.338900   -7.422100   -6.920300   -6.430400   -6.281100   -5.564400   -5.338300   -4.608400   -4.518100   -3.439600   -3.330300   -3.152900   -3.030400   -1.789400   -1.688600    0.827700    1.455300    1.533000    2.217600    2.421800    2.783500    3.022200    3.348200    4.213900    5.166600    7.176900    7.352400    7.552500    7.738000
  0.9344      -13.773500  -13.585800  -13.481100  -13.346000   -7.458900   -6.955700   -6.405100   -6.254400   -5.574400   -5.348500   -4.605100   -4.522400   -3.417500   -3.226700   -3.081500   -2.980100   -1.814700   -1.712500    0.838100    1.428200    1.561200    2.193900    2.488400    2.740500    3.094400    3.288800    4.161200    5.123300    7.078600    7.195200    7.457900    7.666200
  0.9417      -13.785000  -13.595300  -13.487800  -13.352600   -7.492100   -6.987600   -6.382100   -6.229900   -5.583700   -5.358100   -4.600400   -4.525200   -3.412500   -3.124200   -3.045500   -2.887300   -1.842300   -1.737000    0.844200    1.404900    1.585000    2.172500    2.550400    2.705000    3.153000    3.247900    4.111900    5.082500    6.989200    7.055400    7.348100    7.669000
  0.9490      -13.795300  -13.603800  -13.493900  -13.358500   -7.521600   -7.015900   -6.361600   -6.207900   -5.592100   -5.366800   -4.594800   -4.526500   -3.412500   -3.077700   -2.969300   -2.785800   -1.872700   -1.762400    0.846600    1.385800    1.604000    2.154000    2.591600    2.692100    3.148800    3.273600    4.066200    5.044500    6.892200    6.935800    7.247500    7.617900
  0.9563      -13.804500  -13.611400  -13.499300  -13.363700   -7.547400   -7.040600   -6.343700   -6.188400   -5.599500   -5.374600   -4.588500   -4.526700   -3.414600   -3.068100   -2.864700   -2.687200   -1.906300   -1.789100    0.845900    1.370700    1.618500    2.138700    2.589200    2.723200    3.110400    3.335900    4.025000    5.009900    6.784900    6.848700    7.111400    7.518300
  0.9635      -13.812300  -13.617900  -13.503900  -13.368300   -7.569400   -7.061600   -6.328500   -6.171800   -5.606000   -5.381300   -4.582200   -4.526100   -3.417700   -3.065400   -2.761000   -2.594700   -1.943200   -1.817200    0.843000    1.359300    1.629200    2.126400    2.567900    2.772400    3.072300    3.398900    3.988600    4.979200    6.679800    6.779800    7.017300    7.462400
  0.9708      -13.818800  -13.623300  -13.507700  -13.372000   -7.587400   -7.078900   -6.316000   -6.158000   -5.611300   -5.386900   -4.576400   -4.525000   -3.421100   -3.064700   -2.663800   -2.510500   -1.983300   -1.846400    0.838900    1.350900    1.636700    2.117000    2.546100    2.820000    3.039400    3.455700    3.957800    4.952800    6.588200    6.724100    6.939200    7.430500
  0.9781      -13.823900  -13.627600  -13.510800  -13.375000   -7.601500   -7.092400   -6.306300   -6.147200   -5.615500   -5.391400   -4.571400   -4.523600   -3.424300   -3.064900   -2.576000   -2.436900   -2.025500   -1.875500    0.834600    1.345100    1.641600    2.110000    2.527800    2.860500    3.013000    3.503500    3.933000    4.931500    6.514000    6.680600    6.877100    7.414100
  0.9854      -13.827600  -13.630600  -13.512900  -13.377100   -7.611600   -7.102000   -6.299400   -6.139500   -5.618500   -5.394600   -4.567500   -4.522400   -3.426800   -3.065300   -2.501800   -2.377200   -2.067200   -1.902100    0.830900    1.341300    1.644700    2.105200    2.514300    2.891500    2.993400    3.539600    3.914900    4.915800    6.459100    6.651600    6.828500    7.359700
  0.9927      -13.829800  -13.632500  -13.514300  -13.378400   -7.617700   -7.107800   -6.295300   -6.134800   -5.620300   -5.396500   -4.565200   -4.521500   -3.428500   -3.065700   -2.448500   -2.336400   -2.101500   -1.921700    0.828300    1.339200    1.646300    2.102500    2.506100    2.911400    2.981000    3.562200    3.903800    4.906100    6.425300    6.631400    6.798000    7.315700
  1.0000      -13.830600  -13.633100  -13.514700  -13.378800   -7.619700   -7.109700   -6.293900   -6.133300   -5.620900   -5.397100   -4.564300   -4.521200   -3.429100   -3.065800   -2.428300   -2.321300   -2.115900   -1.929200    0.827500    1.338600    1.646800    2.101600    2.503300    2.918400    2.976500    3.569900    3.900100    4.902800    6.413900    6.624500    6.788200    7.322700
